#"Step","Temperature (K)","Density (g/mL)"
11000,299.028782946,1.01010298004
12000,294.368923524,1.04205050585
13000,288.924666915,1.06207331312
14000,307.849352114,1.09047197192
15000,290.770301346,1.08710489149
16000,299.934464718,1.10240042587
17000,301.752499853,1.1183214172
18000,299.553106955,1.11409672656
19000,299.063769472,1.11286826872
20000,297.268570341,1.1254282351
21000,301.32373409,1.11357084407
22000,306.733366804,1.10747098962
23000,289.4269212,1.1019425393
24000,300.451710231,1.09156946039
25000,289.710338325,1.10018157464
26000,305.786162477,1.10173808203
27000,302.769464171,1.1110266242
28000,289.789045876,1.1050023767
29000,296.757955198,1.09722038938
30000,305.019449828,1.10519830683
31000,287.555544729,1.11040642477
32000,301.806240887,1.09608164989
33000,306.53293585,1.11570324297
34000,293.019417649,1.10645025656
35000,291.738348574,1.10890170362
36000,311.319794964,1.10541244701
37000,305.623740644,1.09340685476
38000,300.83848402,1.09744262616
39000,305.521610314,1.10156807468
40000,290.393033243,1.09835817654
41000,306.44345331,1.09816483039
42000,304.333180483,1.10072920334
43000,302.138992748,1.10009275226
44000,288.476520476,1.10301110033
45000,291.940692989,1.09828886867
46000,307.501781414,1.11523912991
47000,308.517615745,1.10093814451
48000,306.505520699,1.11720142333
49000,300.973961441,1.08877799726
50000,288.573362846,1.08305692516
51000,296.667912155,1.09679485424
52000,297.175391766,1.10825020486
53000,317.178661977,1.10332946281
54000,303.524060829,1.11372927979
55000,293.365095498,1.10994149911
56000,294.227264675,1.09295835004
57000,290.836962258,1.10610630773
58000,296.670190891,1.11381160603
59000,294.865645505,1.0934759551
60000,295.388307701,1.09929521557
61000,304.231189543,1.10608061649
62000,299.298119779,1.10508145624
63000,295.580014883,1.11344430324
64000,296.697828632,1.09181182186
65000,306.486874817,1.08931112544
66000,298.631762911,1.10737592449
67000,293.308148972,1.09725601672
68000,284.873432054,1.11234398394
69000,292.504977368,1.11438877435
70000,301.271656615,1.09916175327
71000,298.068459794,1.10418090944
72000,297.991668214,1.10285663029
73000,300.115676123,1.11541696987
74000,294.314949474,1.08352242627
75000,301.882438387,1.10942303522
76000,302.947978361,1.09725697979
77000,304.245161868,1.12577153002
78000,300.605845905,1.10006549421
79000,292.932112582,1.08654219519
80000,307.012394889,1.07885730934
81000,302.796865843,1.09795866645
82000,297.612411658,1.1068441767
83000,297.791562775,1.1072849496
84000,302.720111274,1.11603385575
85000,300.629354056,1.12026585614
86000,297.300183272,1.11846545338
87000,303.381675873,1.12394487681
88000,291.925190395,1.10436516734
89000,285.610501848,1.11643700881
90000,302.828226344,1.11748549837
91000,300.77036283,1.10377523645
92000,303.121019515,1.0988871154
93000,299.230010422,1.10035764775
94000,294.882208197,1.10665670088
95000,288.260655353,1.10000914068
96000,299.15835381,1.1166328432
97000,298.142635194,1.10540100658
98000,287.244664146,1.10130884659
99000,299.979065394,1.10636724214
100000,311.865391176,1.10900234609
101000,292.861316237,1.11993226106
102000,288.654749257,1.12377653948
103000,292.671064187,1.10623870337
104000,295.596821152,1.10366649805
105000,296.543714197,1.09353633091
106000,297.471250547,1.1142637805
107000,305.750014045,1.10832294056
108000,293.25659634,1.11055978788
109000,302.538553456,1.10389162057
110000,284.186855106,1.08921187188
111000,302.182673799,1.11400450988
112000,298.46294892,1.1024942713
113000,285.799104358,1.10992574903
114000,292.335600762,1.09703248126
115000,303.469958984,1.10715309541
116000,299.116857811,1.09978146706
117000,294.547009122,1.0934386685
118000,308.563732561,1.09861552155
119000,293.402777488,1.10753787455
120000,292.20063777,1.10643229308
121000,308.701914421,1.11341092737
122000,289.54700464,1.10699278041
123000,296.17211621,1.11541195244
124000,305.502155563,1.087745741
125000,293.640011209,1.09982963778
126000,292.390439374,1.10745091311
127000,299.00606231,1.12062623526
128000,305.13795449,1.10986353432
129000,308.590222659,1.09828341187
130000,312.250032471,1.11594900095
131000,299.732882722,1.09990023647
132000,304.450865927,1.11205398793
133000,296.811163958,1.09630005091
134000,291.509532685,1.1163673271
135000,296.73629514,1.10343812964
136000,313.836567325,1.09923277861
137000,297.655604358,1.07686656291
138000,308.878919489,1.11472510985
139000,303.195929494,1.10943003865
140000,309.228221352,1.09561777084
141000,298.489866344,1.11440617957
142000,310.418903555,1.1136438926
143000,304.976738292,1.0978956471
144000,298.794877151,1.11109194169
145000,295.953825417,1.10412693848
146000,293.260297242,1.10467803126
147000,293.126799623,1.11073308832
148000,299.74479477,1.1072758339
149000,290.424604747,1.11517818969
150000,305.763121013,1.12307824283
151000,307.248977215,1.11325507442
152000,301.303307797,1.12975662276
153000,303.226825097,1.1093417273
154000,300.171456032,1.12613786912
155000,309.294433272,1.12518014275
156000,305.007236069,1.11663022
157000,304.36905085,1.11436524852
158000,292.276317193,1.0986652572
159000,303.616013586,1.08722100321
160000,302.212247303,1.07646254534
161000,295.487078233,1.10311446152
162000,313.121439265,1.08751922162
163000,291.496269783,1.085628829
164000,303.757948602,1.09598785219
165000,310.398110081,1.11577088071
166000,293.024931761,1.08025766889
167000,299.425237557,1.09134779422
168000,305.399930342,1.09609487399
169000,298.046202865,1.09097106485
170000,303.483011161,1.1066144302
171000,302.630022232,1.1069595827
172000,303.157010272,1.09658150973
173000,299.379954291,1.07423846179
174000,299.887762288,1.08982441363
175000,295.149293418,1.10522342877
176000,302.438201465,1.11687845806
177000,302.699515946,1.09379990154
178000,295.676473205,1.11106124606
179000,299.468074164,1.0749465763
180000,310.578987364,1.09090512067
181000,302.606802193,1.09985835479
182000,295.217972776,1.10588057952
183000,298.550429556,1.09566285605
184000,304.264799862,1.08313215614
185000,299.400429232,1.11458647655
186000,294.768046736,1.09394147831
187000,300.037166127,1.08245352944
188000,304.785179535,1.08314888655
189000,289.903356525,1.09490395687
190000,296.54317396,1.12019219287
191000,293.518553415,1.09849384655
192000,294.173334904,1.1016126291
193000,290.765245202,1.08776676949
194000,297.359821167,1.098214075
195000,313.264038791,1.10730585915
196000,304.85088235,1.10264007595
197000,294.458867819,1.1158468315
198000,294.391914616,1.11122340628
199000,293.79632124,1.10462618484
200000,296.017416928,1.11149495216
201000,289.661954229,1.10799249934
202000,285.75413138,1.0903135355
203000,291.68739666,1.08478348354
204000,306.05562788,1.08525438408
205000,304.692083449,1.08656108588
206000,304.515980833,1.10787679238
207000,307.459145168,1.12042720672
208000,289.490691958,1.09215326322
209000,295.324386778,1.10207409182
210000,302.494878129,1.10996860116
211000,304.900841996,1.11219475459
212000,295.874248508,1.0972866454
213000,297.780883663,1.08855949957
214000,304.248686122,1.09194177278
215000,295.727829148,1.09774940266
216000,294.840511298,1.10307902763
217000,305.006194197,1.10759469705
218000,297.934334937,1.10756200747
219000,294.867884459,1.10045765713
220000,310.437499747,1.11976337173
221000,301.262155708,1.11991769827
222000,300.419490151,1.10378262262
223000,297.153296268,1.09600303782
224000,304.331839267,1.09573559828
225000,294.927082019,1.11777131672
226000,307.866778526,1.11024177277
227000,305.237323222,1.10189497081
228000,305.889378893,1.12199383632
229000,290.703473567,1.11867806786
230000,291.338809114,1.11879572266
231000,297.401574956,1.10307812205
232000,292.36855164,1.09593587504
233000,308.882901125,1.09129989196
234000,298.26794665,1.08894575536
235000,311.355715636,1.10755985424
236000,295.239028134,1.11140100792
237000,306.159435206,1.11378379709
238000,301.063690012,1.11519819362
239000,290.18362264,1.11801384913
240000,300.124885596,1.09709825617
241000,291.88070075,1.11317416466
242000,298.07715339,1.11599091877
243000,287.005288031,1.09930069271
244000,297.787342477,1.10796529229
245000,290.274160168,1.11666158134
246000,313.459486586,1.10615519065
247000,296.126073462,1.11503426493
248000,302.51082099,1.10856746872
249000,301.060419681,1.08984889399
250000,306.577366691,1.11631719906
251000,304.799788646,1.08521656546
252000,302.268474848,1.10550023685
253000,287.105218581,1.10908871603
254000,296.774946535,1.12014667703
255000,296.626094681,1.11201351241
256000,293.000244512,1.10291728753
257000,306.438035145,1.09295643858
258000,297.051197702,1.09210179955
259000,307.705225271,1.09263335779
260000,292.524317676,1.11843801067
261000,296.167522205,1.1062743655
262000,295.853337908,1.08966310455
263000,309.662892064,1.10033356302
264000,313.54276471,1.0980165555
265000,311.344957455,1.10391091007
266000,296.736064032,1.08373916859
267000,296.34983089,1.11038589633
268000,310.213300011,1.09901854335
269000,296.371841851,1.09704297626
270000,297.835743421,1.09192451685
271000,307.410388618,1.09511913139
272000,300.281675796,1.10201759228
273000,302.7308718,1.09297858413
274000,298.479940256,1.08843679776
275000,305.862067775,1.09180686978
276000,300.846716401,1.09636218326
277000,298.379099171,1.10078040364
278000,291.366973927,1.1082785546
279000,304.750340107,1.10487007045
280000,296.746933409,1.11768591048
281000,296.934063153,1.08916339834
282000,304.865560548,1.09331215468
283000,304.137791712,1.09782597561
284000,288.708822762,1.0997784282
285000,292.176801809,1.10496873477
286000,298.624657082,1.10301995773
287000,297.036879227,1.10254337297
288000,301.795822782,1.11921313096
289000,297.778981409,1.09756957786
290000,293.507677445,1.09875170298
291000,305.934131249,1.11352289998
292000,296.228993884,1.12260350236
293000,300.943985436,1.09019794532
294000,303.479661874,1.11343987236
295000,295.329446357,1.08897762104
296000,296.807463765,1.10015687174
297000,291.406042894,1.10028328261
298000,292.501705012,1.12116678434
299000,294.38330503,1.11808471173
300000,301.188106074,1.11522184184
301000,294.309006076,1.11028618523
302000,291.022387412,1.09755494972
303000,304.123483035,1.10347915323
304000,291.763303348,1.11506269946
305000,291.325415848,1.09440636524
306000,297.386012413,1.11078471826
307000,296.219910001,1.09085580503
308000,293.553423534,1.09497086704
309000,299.525519379,1.1149663873
310000,290.67258076,1.10236837282
311000,293.320134958,1.10974311944
312000,294.746433711,1.12511280157
313000,288.923125667,1.11528611167
314000,293.876358767,1.11294228204
315000,306.408625523,1.13360408662
316000,301.946482425,1.1126364429
317000,291.279509798,1.11538672466
318000,302.124870945,1.10628038205
319000,299.751885955,1.10773282303
320000,307.920347872,1.10824846267
321000,288.123034687,1.09895509489
322000,308.577288067,1.10486919336
323000,301.173973041,1.10895903073
324000,295.677780832,1.10673620616
325000,306.992129469,1.10849274791
326000,298.052889201,1.11216497876
327000,299.34748021,1.10336039815
328000,299.705163112,1.10162393923
329000,293.717015299,1.10895934463
330000,298.858193914,1.08179469175
331000,301.933679104,1.08795405753
332000,293.129769991,1.08626607534
333000,288.668210454,1.10343997763
334000,305.460205293,1.10884756021
335000,297.21029952,1.10465309734
336000,300.16669278,1.11216352908
337000,299.356320666,1.11544405992
338000,299.156048981,1.09502407132
339000,291.635108827,1.11919860915
340000,300.246511401,1.10732431227
341000,297.554750336,1.09646029554
342000,292.141664197,1.12727147749
343000,301.910700787,1.11353592442
344000,300.604358412,1.0893042799
345000,315.128144316,1.12060554306
346000,303.98560167,1.10282178968
347000,290.673673895,1.11182194442
348000,295.195744544,1.107291243
349000,302.98005952,1.10717860383
350000,284.544683068,1.11176006094
351000,294.357113567,1.09850834348
352000,299.176971946,1.09203164903
353000,299.90152073,1.08987143416
354000,303.357778734,1.09717303947
355000,301.556825732,1.09885810453
356000,296.496623113,1.10839691833
357000,288.052561489,1.09014538209
358000,303.4006641,1.10026897508
359000,297.094733689,1.10125593612
360000,303.439185832,1.08855716373
361000,299.217825305,1.08455353502
362000,306.38559426,1.09247063896
363000,294.618756486,1.09435903726
364000,301.978712161,1.10111283688
365000,296.339388269,1.10394835052
366000,304.759536523,1.11895351027
367000,292.50876653,1.10259019502
368000,293.729776922,1.09527119534
369000,298.951350384,1.10576850773
370000,303.130856587,1.10616534318
371000,297.882651066,1.11091426261
372000,292.17286325,1.11461300359
373000,295.503375606,1.10424218913
374000,304.200251261,1.101998666
375000,305.591776498,1.10282013848
376000,294.179607166,1.09456057917
377000,299.411403624,1.10442712374
378000,288.904439495,1.09269217353
379000,296.028768922,1.09939315363
380000,297.402385334,1.08729813169
381000,303.067928628,1.0798066697
382000,301.038231622,1.08497486485
383000,295.804780162,1.07649576091
384000,297.338717271,1.11338786631
385000,306.815297401,1.08801379686
386000,309.456475012,1.0926883057
387000,297.740380799,1.08935419849
388000,295.420284264,1.10547274832
389000,306.868187409,1.10846755367
390000,289.485857745,1.12248455785
391000,297.370924901,1.1116847546
392000,298.245881448,1.12061697246
393000,299.973059309,1.11645054544
394000,295.960403555,1.11162650364
395000,294.376101061,1.10433937569
396000,294.89138026,1.09927922783
397000,306.413252666,1.10352174649
398000,305.26911395,1.11137000191
399000,302.915017366,1.12739271997
400000,298.332407279,1.10127159257
401000,295.116502023,1.10549191289
402000,306.169594859,1.10868499164
403000,300.05659039,1.0889761474
404000,289.926669583,1.12039206143
405000,292.66112239,1.1092745544
406000,289.30464968,1.10302824515
407000,300.558531441,1.10924230706
408000,295.909268282,1.09137734725
409000,288.177463381,1.12106537101
410000,291.941317948,1.11629164871
411000,299.270585257,1.10568061976
412000,291.13914073,1.10477214842
413000,306.281740187,1.10329312084
414000,295.465623683,1.1171341085
415000,299.991595046,1.11572498318
416000,297.992706837,1.10916993109
417000,300.575438499,1.11064415996
418000,290.388903476,1.0940328666
419000,293.730989217,1.10239936128
420000,293.454154377,1.07689488808
421000,308.285106261,1.10863358471
422000,300.272728444,1.11578289439
423000,294.368573573,1.11502588834
424000,302.964899886,1.11243791884
425000,303.628412919,1.09904627929
426000,300.443146271,1.09091683992
427000,301.671748469,1.09299792397
428000,314.555554734,1.10506928435
429000,299.800918498,1.08714414836
430000,299.792167859,1.11054367143
431000,315.215427482,1.10959682329
432000,292.213435772,1.09014983777
433000,293.126075721,1.09306515644
434000,288.8255751,1.10188211165
435000,297.038135645,1.11148592106
436000,302.403776012,1.10319043742
437000,297.912504645,1.10682784561
438000,297.719236621,1.09425888038
439000,297.20605889,1.10666837572
440000,294.238206738,1.11388355641
441000,304.771494007,1.11707967517
442000,316.07023619,1.11714395413
443000,293.646809303,1.0941245437
444000,294.470558438,1.10765224604
445000,306.210211305,1.1088611959
446000,293.865555062,1.10727258705
447000,299.832854341,1.12896955277
448000,304.188782909,1.11347127918
449000,303.478014837,1.10984181787
450000,295.801455276,1.09363211034
451000,303.812199915,1.10651177165
452000,304.548756637,1.09828772941
453000,299.635175824,1.10015107351
454000,295.55504098,1.08367854527
455000,305.305286741,1.1075618531
456000,293.214514768,1.0961517118
457000,301.03323509,1.11150657883
458000,290.799003889,1.10608684711
459000,298.499918299,1.10638459374
460000,293.391561692,1.11350769523
461000,300.32076637,1.09915583506
462000,298.554443138,1.10480290048
463000,297.910718475,1.10114117099
464000,291.780321016,1.09865283001
465000,309.641853107,1.12158868399
466000,290.971728269,1.1094970077
467000,303.837019202,1.10837222815
468000,296.295860128,1.10769242232
469000,296.30189805,1.11521944137
470000,306.348896975,1.10159779599
471000,296.689288185,1.09433806202
472000,297.92071892,1.10145295302
473000,295.132921998,1.10828704942
474000,314.693925222,1.11468574636
475000,303.404832762,1.09429553407
476000,313.30368213,1.10239093074
477000,306.210485167,1.11334433029
478000,298.694423737,1.09843168538
479000,303.123118026,1.11706099553
480000,299.443678081,1.09688644426
481000,306.481311777,1.08404324029
482000,306.521969698,1.10484440303
483000,307.796622072,1.09325984882
484000,288.267595266,1.10007231467
485000,291.478684619,1.10160709494
486000,300.012881407,1.09695948817
487000,302.524812868,1.09712719219
488000,304.747531595,1.10099783772
489000,292.933708241,1.10171648745
490000,303.935328525,1.09577490942
491000,299.717030115,1.08948883986
492000,297.024577032,1.09188126533
493000,297.02693465,1.12373190303
494000,299.583956362,1.099347564
495000,306.699862766,1.10057278931
496000,291.472547513,1.10693421288
497000,288.218864779,1.10379424342
498000,291.700448642,1.10459522928
499000,287.435509367,1.10767181028
500000,295.005692718,1.10792529752
501000,302.653040942,1.1215463658
502000,298.54141616,1.11773829546
503000,288.119358171,1.1173160742
504000,290.781324035,1.11023939729
505000,296.344653649,1.08827596511
506000,296.423379051,1.12266261796
507000,300.229694773,1.10888592682
508000,292.469748135,1.0966756314
509000,293.592028243,1.11313181779
510000,308.531753356,1.11381570569
